%YAML:1.0
---
K: !!opencv-matrix
   rows: 3
   cols: 3
   dt: d
   data: [ 6.1728136359622931e+02, 0., 3.2026459734077878e+02, 0.,
       6.1663818318683900e+02, 2.2985919483357864e+02, 0., 0., 1. ]
D: !!opencv-matrix
   rows: 1
   cols: 5
   dt: d
   data: [ -2.2004199102473856e-01, 6.3312720336085837e-01,
       3.4467760964406206e-03, 3.2056952055728749e-03,
       2.1281025774211129e+00 ]
